Updated at 12/05/2022, 11:24:24
Hostname: fv-az341-248IP Address: 10.1.0.43
BUY WATCH (Low price below lower band):{
    "GIBF1": -7.651715039577837,
    "RMF1": -3.5911602209944724,
    "LEMF": -2.564102564102557,
    "NICGF": -2.040816326530609,
    "JSLBB": -0.9584664536741214,
    "GIMES1": -0.8536585365853694,
    "LBL": -0.05050505050504763,
    "SRBL": 0.4682622268470225,
    "NBLD85": 0.5165562913907255,
    "MMF1": 1.1235955056179785,
    "SBCF": 1.3774104683195545,
    "PRVU": 1.4077669902912648,
    "EBL": 1.4989293361884368,
    "HBL": 1.5384615384615385,
    "PSF": 1.5503875968992262,
    "BBC": 1.8374233128834385,
    "SEF": 3.7804878048780446,
    "CMF1": 5.769230769230772,
    "AIL": 8.968609865470851,
    "SANIMA": 10.666666666666671
}

SELL WATCH (high price above upper band):{
    "SANIMA": -9.89010989010989,
    "NESDO": -8.379888268156424,
    "SSHL": -5.128205128205128,
    "NYADI": -4.915254237288136,
    "BHL": -3.844731977818846,
    "NABIL": -3.763440860215054,
    "DDBL": -2.938388625592417,
    "SGHC": -2.677224736048253,
    "SINDU": -2.4908424908424953,
    "RHPL": -2.4722932651321328,
    "SFCL": -2.3172905525846703,
    "OHL": -1.7341040462427744,
    "HDHPC": -1.5199161425576548,
    "KRBL": -1.486988847583643,
    "FMDBL": -1.3679890560875512,
    "RSDC": -1.2857142857142938,
    "CHCL": -1.25,
    "NICA": -1.1111111111111112,
    "GIMES1": -1.057579318448882,
    "API": -0.91324200913242,
    "CHDC": -0.884057971014496,
    "CLBSL": -0.8526187576126675,
    "RMDC": -0.5235602094240838,
    "UIC": -0.5164446860559873,
    "SKBBL": -0.4389815627743635,
    "KDBY": -0.3690036900369143,
    "CIT": -0.05167958656330749,
    "NLG": 0.0,
    "NTC": 0.0,
    "NLIC": 0.15772870662460567,
    "SHL": 0.1802613789995519,
    "STC": 0.23746701846965698,
    "BPCL": 0.6430868167202572,
    "NICL": 0.6880733944954129,
    "PSF": 1.010101010101011,
    "ICFCD83": 1.3059343191857027,
    "ALICL": 1.4766355140186873,
    "NMB": 1.5444015444015444,
    "GVL": 1.6784155756965426,
    "GBBD85": 1.707317073170732,
    "NMBHF1": 1.720430107526883,
    "BHDC": 1.9943019943019942,
    "LICN": 1.9946631087391655,
    "RMF1": 2.094240837696337,
    "MMF1": 2.335164835164834,
    "NIL": 2.351313969571231,
    "RFPL": 2.393952120957588,
    "NICSF": 2.5510204081632564,
    "GLH": 4.238258877434144,
    "GIBF1": 4.779411764705889
}