Updated at 12/25/2022, 11:21:48
Hostname: fv-az210-733IP Address: 10.1.0.62
BUY WATCH (Low price below lower band):{
    "CMF1": -3.999999999999994,
    "KPCL": -3.691275167785235,
    "CMF2": -2.3224043715846987,
    "KLBSL": -2.0566550252231246,
    "GWFD83": -2.0,
    "VLBS": -1.7512463249392878,
    "PMHPL": -1.4188422247446086,
    "MERO": -1.10803324099723,
    "UHEWA": -1.0895883777239779,
    "KEF": -0.8883248730964504,
    "SDLBSL": -0.8757343975169024,
    "RMF1": -0.5617977528089892,
    "ADBL": -0.2989040185984647,
    "NIBSF2": -0.14598540145986388,
    "CCBL": -0.11337868480724977,
    "MSLB": -0.10101010101010101,
    "GLBSL": 0.0,
    "NICBF": 0.0,
    "PRVU": 0.0,
    "MLBSL": 0.06574621959237344,
    "SINDU": 0.12048192771084794,
    "BHL": 0.2154243860404998,
    "MFIL": 0.24456521739129816,
    "MBL": 0.29112081513827964,
    "CHCL": 0.34061879080328944,
    "NUBL": 0.3456221198156682,
    "RFPL": 0.3748828491096585,
    "NBL": 0.37593984962406013,
    "PCBL": 0.42654028436019226,
    "NMBMF": 0.5005474737994575,
    "MLBL": 0.5025125628140703,
    "CGH": 0.5076142131979695,
    "NICSF": 0.5277044854881272,
    "NIFRA": 0.5586592178770949,
    "LEC": 0.585365853658531,
    "HEI": 0.5895564289724777,
    "BHDC": 0.6250000000000068,
    "BNHC": 0.6349206349206349,
    "UNHPL": 0.635838150289014,
    "NSLB": 0.6685768863419262,
    "KSBBL": 0.70683271625716,
    "NHPC": 0.7291666666666696,
    "CBBL": 0.7373271889400922,
    "GBLBS": 0.746139163630046,
    "NABBC": 0.7736389684813721,
    "GILB": 0.7788022558410007,
    "AHPC": 0.7936507936507936,
    "NRN": 0.8243173621844381,
    "CZBIL": 0.84985835694051,
    "SBCF": 0.8683068017366208,
    "FOWAD": 0.8902337411744147,
    "NICA": 0.9090909090909091,
    "GFCL": 0.9456264775413712,
    "HHL": 0.9803921568627451,
    "MLBS": 1.0430107526881771,
    "MNBBL": 1.1175898931001027,
    "NCCB": 1.1254924029262803,
    "NIBLPF": 1.1378002528444988,
    "ENL": 1.249999999999996,
    "JOSHI": 1.3245033112582656,
    "DORDI": 1.3636363636363635,
    "JALPA": 1.3761467889908259,
    "MEN": 1.408252358822701,
    "AKJCL": 1.4188772362738946,
    "MKLB": 1.4723926380368098,
    "NRIC": 1.4925373134328357,
    "AKPL": 1.5151515151515151,
    "TRH": 1.516503122212317,
    "SWBBL": 1.5542676501580652,
    "SIFC": 1.5855855855855774,
    "EDBL": 1.6064257028112487,
    "SPC": 1.6304347826086956,
    "SADBL": 1.654601861427098,
    "SFMF": 1.68539325842697,
    "GLH": 1.7226148409894018,
    "ULBSL": 1.7417417417417418,
    "SLCF": 1.8361581920903938,
    "AVYAN": 1.9549763033175422,
    "JSLBB": 1.9682539682539684,
    "PRIN": 2.072538860103627,
    "RLFL": 2.181818181818182,
    "NYADI": 2.318510072215896,
    "CLBSL": 2.413333333333336,
    "MMF1": 2.4566473988439297,
    "PROFL": 2.5735294117647056,
    "MLBBL": 2.6565656565656517,
    "HPPL": 2.9004908522980815,
    "SLBSL": 3.6283185840707963,
    "SHL": 11.14564831261101
}

SELL WATCH (high price above upper band):{
    "SHL": -8.459869848156181,
    "RHPL": -2.3799919322307406,
    "GIMES1": 0.4694835680751282,
    "NTC": 0.8465608465608466,
    "SJCL": 0.9032258064516104,
    "KPCL": 6.553708439897699,
    "AKBSL": 7.980937443445734,
    "MMFDB": 8.076490438695158,
    "ADLB": 8.194378275369218,
    "NLBBL": 8.25
}