Updated at 12/13/2022, 11:24:27
Hostname: fv-az255-291IP Address: 10.1.0.118
BUY WATCH (Low price below lower band):{
    "UPPER": -5.096952908587251,
    "PPCL": -4.754829123328385,
    "NADEP": -4.384615384615385,
    "BBC": -3.7986006836842305,
    "LEC": -3.796251802018263,
    "ENL": -3.6314847942754835,
    "UPCL": -3.2258064516129115,
    "NICGF": -3.1746031746031673,
    "NRIC": -3.1484257871064467,
    "HHL": -2.8846153846153846,
    "MMF1": -2.749638205499269,
    "NMBHF1": -2.7382256297918945,
    "NIBSF2": -2.6706231454005893,
    "SHIVM": -2.4574669187145557,
    "SSHL": -2.367941712204011,
    "MEN": -2.0745131244707777,
    "RBCLPO": -1.9998010148243957,
    "PIC": -1.9796040791841587,
    "GMFIL": -1.926910299003326,
    "HIDCL": -1.8518518518518516,
    "SAHAS": -1.8475750577367205,
    "MLBL": -1.8373493975903683,
    "API": -1.71990171990172,
    "BFC": -1.7005668556185471,
    "NCCB": -1.694915254237288,
    "NMB": -1.6843971631205725,
    "ICFC": -1.6582552271088624,
    "HPPL": -1.6243231986672244,
    "GBIME": -1.4563106796116505,
    "UMRH": -1.4384920634920664,
    "NBF3": -1.3986013986013937,
    "SIFC": -1.3559322033898304,
    "HURJA": -1.3238289205702618,
    "LBBL": -1.282051282051282,
    "SINDU": -1.2404961984793894,
    "KMCDB": -1.1078717201166182,
    "HBL": -1.0705289672544007,
    "BARUN": -1.0101010101010102,
    "ADBL": -0.9771986970684038,
    "PSF": -0.9283819628647253,
    "NIFRA": -0.8287292817679558,
    "AKPL": -0.7934175727299408,
    "NRN": -0.7653061224489796,
    "GUFL": -0.705882352941181,
    "BPCL": -0.7000000000000075,
    "RLFL": -0.6896551724137931,
    "MPFL": -0.6775067750677507,
    "SLBSL": -0.6711409395973155,
    "NBF2": -0.6622516556291367,
    "JSLBB": -0.630533087064524,
    "AVYAN": -0.5578391074574214,
    "SRBL": -0.5494505494505495,
    "SBI": -0.5444646098003629,
    "BOKL": -0.539215686274507,
    "RBCL": -0.4048582995951417,
    "GBBL": -0.4016064257028112,
    "DORDI": -0.3996447602131464,
    "NIB": -0.368154624942468,
    "BNHC": -0.3404518724852881,
    "SLI": -0.3105590062111801,
    "PICL": -0.2949852507374631,
    "KEF": -0.2531645569620199,
    "PCBL": -0.22522522522522523,
    "HIDCLP": -0.208768267223385,
    "MEGA": -0.15568240788791457,
    "SLCF": -0.14285714285713982,
    "SFMF": -0.1136363636363612,
    "NABBC": -0.028985507246383404,
    "LLBS": -0.009881422924903432,
    "SCB": 0.0,
    "PRVU": 0.050479555779906274,
    "JALPA": 0.08167710318540153,
    "GILB": 0.08865248226950355,
    "SEF": 0.1273885350318444,
    "NMB50": 0.22471910112359073,
    "OHL": 0.23250898330163236,
    "CZBIL": 0.3351955307262538,
    "EDBL": 0.36642238507660424,
    "MBL": 0.42654028436019226,
    "SANIMA": 0.4464285714285714,
    "MLBS": 0.4501800720288115,
    "SBL": 0.6430868167202572,
    "LBL": 0.6860158311345707,
    "MMFDB": 1.1431870669745932,
    "UHEWA": 1.1594202898550725,
    "AIL": 1.2987012987012987,
    "CFCL": 1.3289036544850499,
    "SBCF": 1.6783216783216797,
    "MLBBL": 1.9019019019019021,
    "RMF1": 3.3068783068783074,
    "USLB": 3.386183465458661,
    "ILBS": 3.423120089786756
}

SELL WATCH (high price above upper band):{
    "GIBF1": -8.108108108108114,
    "MKJC": -5.753424657534244,
    "KDBY": -5.011655011655009,
    "RMF1": -2.5974025974025996,
    "SMB": -1.8901890189018828,
    "LEMF": -1.8427518427518468,
    "FOWAD": -1.5114760216458294,
    "NTC": -1.0845986984815619,
    "SMATA": -0.5312084993359893,
    "PBD88": 0.7459992780652065,
    "GIMES1": 0.9411764705882361,
    "NICSF": 1.5132408575031653,
    "GVL": 1.5974440894568689,
    "SWMF": 1.952247191011233,
    "FMDBL": 1.9889970376639896,
    "ADLB": 1.9978969505783446,
    "MMF1": 2.3319615912208493,
    "KMCDB": 4.761904761904762,
    "RHPL": 5.286343612334802,
    "SJCL": 7.239819004524888,
    "NABBC": 7.569832402234643,
    "CYCL": 9.996106677048843,
    "SMFDB": 9.998285028297024
}