Updated at 10/16/2022, 11:31:54
Hostname: fv-az213-825IP Address: 10.1.0.15
BUY WATCH (Low price below lower band):{
    "RURU": -6.633802816901412,
    "SBCF": -2.1306818181818232,
    "NICBF": -2.0080321285140488,
    "BOKD86": -1.9921927581101184,
    "SEF": -1.7857142857142898,
    "HEIP": 0.6302521008403361,
    "NHPC": 0.9947643979057622,
    "NIBSF2": 1.139601139601128,
    "NIBD84": 1.5022860875244939,
    "RMF1": 1.621621621621623,
    "NLG": 1.7777777777777777,
    "UHEWA": 3.342541436464095,
    "HPPL": 3.696098562628341,
    "SHEL": 4.97737556561086
}

SELL WATCH (high price above upper band):{
    "CMF2": -9.375000000000005,
    "CMF1": -7.558139534883715,
    "CZBIL": -2.475728155339803,
    "SEF": 1.6627078384798168,
    "EBL": 4.081632653061225,
    "SCB": 4.634146341463414
}