Updated at 08/26/2022, 11:29:17
Hostname: fv-az318-941IP Address: 10.1.0.222
BUY WATCH (Low price below lower band):{
    "SFMF": -2.7272727272727337,
    "NICBF": -1.752677702044788,
    "BNHC": -0.8415841584158359,
    "KDBY": 0.0,
    "NIBSF2": 0.2554278416347441,
    "MLBS": 0.3201347935973003,
    "WNLB": 0.5102040816326531,
    "BNT": 0.8614287836031487,
    "NBF3": 1.1249999999999982,
    "SEF": 1.16009280742459,
    "RADHI": 1.5890213073311583,
    "JSLBB": 1.6853932584269662,
    "HPPL": 1.7255546425636843,
    "NICSF": 1.8404907975460165,
    "SMFDB": 1.969766376546043,
    "MEN": 2.0238095238095237,
    "RLFL": 2.045520023048119,
    "MMF1": 2.2164276401564527,
    "BHDC": 2.412519017604873,
    "KPCL": 2.525252525252525,
    "PPCL": 2.567164179104484,
    "GLH": 2.6081214922416565,
    "NHDL": 2.836345381526093,
    "SIGS2": 2.896871378910776,
    "HURJA": 2.912621359223301,
    "GVL": 3.0254350736278477,
    "NIBLPF": 3.6666666666666674,
    "UPCL": 3.937007874015748
}

SELL WATCH (high price above upper band):{
    "GVL": -4.7869674185463715,
    "RBCL": -3.2910202162670426,
    "HBL": -2.840909090909091,
    "ADBL": -1.661228122218933,
    "NESDO": 1.1940298507462688,
    "SFMF": 4.78260869565218,
    "RURU": 7.032946285282734
}