Updated at 08/25/2022, 11:30:27
Hostname: fv-az299-331IP Address: 10.1.0.40
BUY WATCH (Low price below lower band):{
    "RBCLPO": -1.776627086867244,
    "NIBSF2": -1.6883116883116869,
    "CBLD88": -0.6351039260969976,
    "KDBY": -0.5931198102016692,
    "MMF1": -0.13054830287205987,
    "NEF": 0.0,
    "SEF": 0.0,
    "SBCF": 0.5000000000000004,
    "JSLBB": 0.5586592178770949,
    "SMATA": 0.819574771350514,
    "GIMES1": 0.8412197686645645,
    "SLCF": 1.2499999999999956,
    "NICGF": 1.4311270125223625,
    "KPCL": 1.7613495410568152,
    "NICBF": 1.9102196752626655,
    "SIGS2": 1.9318181818181808,
    "RADHI": 2.500000000000008,
    "BNHC": 2.674054444712123,
    "WNLB": 3.9215686274509802
}

SELL WATCH (high price above upper band):{
    "HBL": -1.1235955056179776,
    "ADBL": 0.6268656716417977,
    "GVL": 2.307692307692308,
    "RBCL": 5.483528161530287,
    "RURU": 9.897292250233425
}