Updated at 10/19/2022, 11:36:07
Hostname: fv-az380-883IP Address: 10.1.0.221
BUY WATCH (Low price below lower band):{
    "MMF1": -1.9662921348314562,
    "NIBD84": -1.8567639257294428,
    "NIBSF2": -1.57367668097281,
    "LEC": -0.6766553890768514,
    "HEIP": -0.5833333333333357,
    "BNHC": -0.40462427745664087,
    "RMF1": -0.13586956521738838,
    "NLG": 0.04533091568449425,
    "WNLB": 0.11682242990654204,
    "HPPL": 1.3722730471498865,
    "SHEL": 2.218198279764602,
    "MPFL": 2.7823240589198037,
    "MKLB": 3.5862546125461283,
    "SLBSL": 4.664031620553359,
    "SMB": 4.781704781704782,
    "SPC": 5.084745762711865,
    "SSHL": 5.201636469900647,
    "UHEWA": 7.492795389048991
}

SELL WATCH (high price above upper band):{
    "SCB": -6.2857142857142865,
    "EBL": -1.9417475728155338,
    "SEF": -1.9047619047619064,
    "SRBL": -1.4563106796116505,
    "LBL": 0.0,
    "PRVU": 1.4492753623188406,
    "SHL": 6.896551724137931,
    "CMF2": 9.937106918238994
}