Updated at 12/26/2022, 11:22:49
Hostname: fv-az735-949IP Address: 10.1.0.35
BUY WATCH (Low price below lower band):{
    "SLBSL": -7.43801652892562,
    "GLBSL": -5.013550135501355,
    "MLBBL": -4.59686624468195,
    "AKJCL": -4.005006257822263,
    "CLBSL": -3.8393223117912316,
    "BNHC": -3.8338658146964857,
    "MMF1": -3.555555555555559,
    "GLH": -3.505617977528095,
    "RLFL": -3.3085501858735973,
    "DORDI": -3.225806451612903,
    "EDBL": -3.1972789115646183,
    "PRIN": -3.1746031746031744,
    "PROFL": -3.1320754716981174,
    "LEC": -3.0421982335623103,
    "HHL": -2.9702970297029703,
    "PMHPL": -2.742025741466148,
    "MKLB": -2.73972602739726,
    "BHDC": -2.6654687032045628,
    "SIFC": -2.599780300256304,
    "SWBBL": -2.577825350102586,
    "CMF1": -2.564102564102573,
    "NICA": -2.477064220183493,
    "VLBS": -2.386934673366834,
    "ADBL": -2.218543046357612,
    "NSLB": -2.197802197802198,
    "MFIL": -2.152002179242707,
    "SADBL": -2.0329477742726993,
    "HPPL": -2.0220588235294144,
    "CZBIL": -2.0,
    "GFCL": -1.9809069212410528,
    "MNBBL": -1.9656019656019657,
    "NYADI": -1.9455252918287937,
    "SHL": -1.8990504747626245,
    "CMF2": -1.8691588785046687,
    "JOSHI": -1.8456375838926078,
    "NRN": -1.8181818181818181,
    "MLBL": -1.7508417508417469,
    "ULBSL": -1.619804400977995,
    "MSLB": -1.6145307769929365,
    "AHPC": -1.6,
    "NICGF": -1.4994232987312661,
    "GBLBS": -1.4685314685314645,
    "SPC": -1.436464088397787,
    "PCBL": -1.3802950975725874,
    "NCCB": -1.3659647125782617,
    "AKPL": -1.2307692307692308,
    "NIBLPF": -1.0230179028133002,
    "CGH": -1.0204081632653061,
    "UHEWA": -0.9580838323353259,
    "TRH": -0.8756038647343098,
    "JSLBB": -0.8419689119170984,
    "AVYAN": -0.7552870090634441,
    "SBCF": -0.7299270072992805,
    "MERO": -0.547945205479452,
    "SFMF": -0.34285714285713553,
    "FOWAD": -0.2654867256637168,
    "SLCF": -0.14388489208632785,
    "MLBS": 0.0,
    "MLBSL": 0.0,
    "HEI": 0.028240609997182357,
    "BHL": 0.2158894645941278,
    "GILB": 0.3067484662576769,
    "NICSF": 0.5305039787798413,
    "NMBMF": 0.6288319446627889,
    "KEF": 0.6289308176100606,
    "PSF": 0.7936507936507886,
    "CCBL": 0.9060022650056593,
    "MEN": 1.1569775746321986,
    "SINDU": 1.447527141133894,
    "RMF1": 1.6759776536312863,
    "SBLD2082": 1.9979188345473513,
    "NICL": 4.879807692307695,
    "GBBL": 11.528150134048257
}

SELL WATCH (high price above upper band):{
    "AKBSL": -5.977653631284916,
    "NTC": -1.993704092339979,
    "MMFDB": -0.08326394671106938,
    "SHL": 0.5213270142180068,
    "GIMES1": 1.5186915887850352,
    "NLBBL": 1.6166281755196306,
    "GWFD83": 1.9417475728155338,
    "SKBBL": 1.9698725376593198,
    "NEF": 2.499999999999991,
    "SWMF": 2.6722925457102673,
    "NIL": 2.6798307475317347,
    "FMDBL": 2.6912181303116145,
    "SICL": 3.2679738562091507,
    "GMFBS": 3.2858028518288904,
    "HBL": 3.3030303030302957,
    "NLIC": 3.594771241830065,
    "GVL": 3.786407766990288,
    "SAEF": 3.846153846153857,
    "MSLB": 3.9668615984405506,
    "EDBL": 4.304635761589404,
    "NLG": 5.218317358892439,
    "TRH": 5.3097345132743365,
    "RHPL": 5.371900826446281,
    "MKLB": 5.701226846283375,
    "MBJC": 6.145251396648039,
    "ALICL": 6.508875739644971,
    "SEF": 6.758448060075082,
    "BHDC": 7.894736842105263,
    "HEI": 9.749303621169917,
    "GHL": 9.90476190476191
}