Updated at 09/06/2022, 11:29:29
Hostname: fv-az215-409IP Address: 10.1.0.83
BUY WATCH (Low price below lower band):{
    "MKJC": -3.0882026216396303,
    "RBCLPO": -0.9713144517066086,
    "CGH": -0.6042296072507553,
    "GIMES1": -0.5405405405405482,
    "KBL": -0.5154639175257731,
    "SABSL": -0.49261083743842365,
    "NIFRA": -0.4117108874656934,
    "SFMF": -0.3762935089369628,
    "MMF1": -0.27322404371584114,
    "NMB": -0.20491803278688525,
    "SAEF": -0.08103727714748611,
    "RSDC": 0.0,
    "ALBSL": 0.17667844522968199,
    "EBL": 0.24732069249793665,
    "PSF": 0.38560411311054305,
    "PRVU": 0.4878048780487805,
    "NCCB": 0.5025125628140703,
    "CZBIL": 0.5102040816326531,
    "PCBL": 0.5620406398616564,
    "NBL": 0.5763688760806998,
    "LBL": 0.6106870229007575,
    "NIBSF2": 0.6775067750677483,
    "NICGF": 0.7590132827324317,
    "SBL": 0.7907742998352479,
    "NABIL": 0.903225806451613,
    "SRBL": 0.9708737864077669,
    "VLBS": 1.098901098901099,
    "NABBC": 1.1611374407582884,
    "JALPA": 1.2903225806451613,
    "RMF1": 1.315789473684206,
    "SBI": 1.4598540145985401,
    "CLBSL": 1.5028901734104045,
    "MSLB": 1.5293801985511055,
    "KDBY": 1.566265060240973,
    "GILB": 1.577235772357731,
    "SLCF": 1.6883116883116869,
    "ENL": 1.7651573292402147,
    "NBF3": 1.7857142857142818,
    "NTC": 1.807909604519774,
    "SBCF": 1.8445322793148837,
    "ILBS": 1.8961864406779636,
    "TRH": 1.9601837672281706,
    "WNLB": 2.0768431983385254,
    "NRIC": 2.272727272727273,
    "NLIC": 2.5875190258751903,
    "BHL": 2.6050146532074243,
    "RBCL": 3.028571428571429,
    "MEN": 3.1568356181612405,
    "ALICL": 3.2246506628448577,
    "LEC": 3.292181069958848,
    "SLBBL": 3.3333333333333335,
    "SPDL": 4.240996297542922,
    "NICSF": 6.415094339622638,
    "SHPC": 6.4505672609400255
}

SELL WATCH (high price above upper band):{
    "LICN": -3.0344827586206895,
    "SLBSL": -0.3171726325328559,
    "HEI": 3.2415630550621723,
    "MKJC": 6.043737574552679
}