Updated at 11/26/2022, 11:24:09
Hostname: fv-az208-3IP Address: 10.1.0.161
BUY WATCH (Low price below lower band):{
    "RMDC": -9.472329472329475,
    "SKBBL": -3.5194416749750705,
    "RMF1": -2.063273727647873,
    "SBCF": -1.8439716312056722,
    "PSF": -0.7905138339921014,
    "NICSF": -0.13123359580052213,
    "ILBS": -0.11560693641618498,
    "MEGA": 0.18365472910927716,
    "JSLBB": 0.5037783375314862,
    "MEN": 0.5131761442441117,
    "KDBY": 0.6369426751592334,
    "HBL": 1.2307692307692308,
    "MMF1": 1.3947001394700091,
    "CLBSL": 1.5110631408526773,
    "NLICL": 14.54849498327759
}

SELL WATCH (high price above upper band):{
    "CHCL": -2.7777777777777777,
    "RADHI": -2.6552462526766547,
    "SCB": -2.0785219399538106,
    "EBL": -1.8050541516245486,
    "RSDC": -1.62748643761302,
    "GIMES1": -1.4002333722287164,
    "RHPL": -1.3100436681222707,
    "HHL": -0.9009009009009009,
    "HDHPC": -0.5116543490619703,
    "API": -0.41114664230242376,
    "SINDU": -0.38022813688212925,
    "SPC": -0.24154589371980675,
    "GBBL": -0.23023791250958744,
    "MBJC": 0.0,
    "BARUN": 0.23201856148491878,
    "JBBL": 0.34843205574912894,
    "JFL": 0.47979797979797406,
    "MHNL": 0.6191950464396374,
    "ICFC": 0.8019603475161557,
    "GFCL": 0.8914981517721293,
    "BHDC": 0.9036144578313252,
    "AHPC": 0.9110787172011662,
    "NHPC": 0.9523809523809524,
    "NBL": 1.048951048951049,
    "HIDCL": 1.1560693641618496,
    "WNLB": 1.533150573662303,
    "PROFL": 1.5817223198594026,
    "BPCL": 1.7475728155339734,
    "KKHC": 1.8378378378378408,
    "HDL": 1.9255455712451863,
    "CBL": 1.9632949210413975,
    "SHEL": 2.553191489361702,
    "UPPER": 2.6785714285714284,
    "BNT": 3.2082566605328426,
    "BHL": 3.6734693877551026,
    "SPDL": 3.7931034482758537,
    "SADBL": 4.034678226075367,
    "MDB": 4.136125654450265,
    "UNHPL": 4.639175257731959,
    "SHINE": 5.136778115501513,
    "PFL": 5.26162790697675,
    "RMDC": 8.31168831168831,
    "GHL": 10.0
}