Updated at 12/12/2022, 11:24:33
Hostname: fv-az221-22IP Address: 10.1.0.78
BUY WATCH (Low price below lower band):{
    "NMB50": -5.826397146254461,
    "NMBHF1": -3.8680318543799963,
    "DORDI": -3.778801843317967,
    "ILBS": -3.604651162790698,
    "MLBBL": -2.7777777777777777,
    "SBCF": -1.9971469329529326,
    "SLBSL": -1.8803418803418803,
    "CFCL": -1.654846335697392,
    "UHEWA": -1.4705882352941175,
    "NBF2": -1.342281879194626,
    "EDBL": -1.0774410774410736,
    "RBCLPO": -1.0455413692570625,
    "SCB": -1.0101010101010102,
    "GILB": -0.8944543828264758,
    "UMRH": -0.7999999999999973,
    "MPFL": -0.7508532423208153,
    "PICL": -0.7130124777183533,
    "ADBL": -0.5897771952817862,
    "SFMF": -0.5714285714285796,
    "HHL": -0.4830917874396135,
    "MLBS": -0.46231155778894706,
    "ICFC": -0.2650602409638609,
    "JSLBB": -0.13392857142856562,
    "AKPL": -0.0882352941176504,
    "GUFL": -0.07849293563578831,
    "BARUN": 0.0,
    "NABBC": 0.0,
    "NBF3": 0.0,
    "RLFL": 0.0,
    "SHIVM": 0.0,
    "SIFC": 0.0,
    "SINDU": 0.039999999999997725,
    "BPCL": 0.09990009990010368,
    "NICGF": 0.1132502831257054,
    "PRVU": 0.25176233635448136,
    "LBL": 0.2631578947368421,
    "HURJA": 0.30456852791877886,
    "SAHAS": 0.34522439585730724,
    "CZBIL": 0.3895381190873615,
    "GBBL": 0.4,
    "KMCDB": 0.40650406504065045,
    "RBCL": 0.44336960902861755,
    "PCBL": 0.4484304932735426,
    "MEN": 0.47752808988763723,
    "NCCB": 0.5059021922428363,
    "NRIC": 0.5219985085756897,
    "BNHC": 0.5846153846153777,
    "SBI": 0.6132756132756092,
    "BBC": 0.6317460317460346,
    "CMF1": 0.6802721088435351,
    "HIDCLP": 0.7253886010362723,
    "API": 0.7317073170731708,
    "NRN": 0.7594936708860759,
    "PSF": 0.7894736842105211,
    "PPCL": 0.8471454880294702,
    "HPPL": 0.867052023121385,
    "MLBL": 0.8955223880597015,
    "HBL": 0.9048361934477308,
    "LBBL": 0.9523809523809524,
    "ENL": 1.0619469026548671,
    "NIFRA": 1.092896174863388,
    "UPCL": 1.0952380952381007,
    "SANIMA": 1.1473962930273585,
    "SBL": 1.1757229107086078,
    "HIDCL": 1.2195121951219512,
    "SLI": 1.2269938650306749,
    "KEF": 1.2499999999999956,
    "MMFDB": 1.2542759407069555,
    "MMF1": 1.2857142857142836,
    "BFC": 1.3486842105263233,
    "UPPER": 1.366120218579235,
    "SSHL": 1.3772455089820426,
    "JALPA": 1.3871487381421157,
    "SLCF": 1.4084507042253471,
    "AVYAN": 1.4182344428364624,
    "LLBS": 1.556420233463035,
    "PIC": 1.5744932099980318,
    "OHL": 1.6424116424116377,
    "GMFIL": 1.7303297420829291,
    "LEC": 1.7469310670443894,
    "NIB": 1.7631103074140946,
    "MEGA": 1.783893985728848,
    "NIBLPF": 1.8750000000000044,
    "NMB": 1.9130434782608718,
    "AIL": 2.035623409669211,
    "BOKL": 2.578796561604587,
    "SRBL": 2.6737967914438503,
    "MBL": 2.8097650852141847,
    "NIBSF2": 3.021582733812949,
    "GBIME": 3.6031820308844122,
    "NADEP": 7.328200741374391
}

SELL WATCH (high price above upper band):{
    "NADEP": -11.59235668789809,
    "GIMES1": -5.027932960893847,
    "GIBF1": -3.89610389610389,
    "SWMF": -3.1292517006802725,
    "KDBY": -1.942857142857142,
    "RMDC": -1.940755873340143,
    "RFPL": -1.3043478260869565,
    "CHCL": -0.9264024704065935,
    "MKJC": -0.45454545454545453,
    "GLH": -0.4098360655737705,
    "LEMF": 0.4938271604938386,
    "MERO": 1.1826544021024967,
    "FOWAD": 1.496212121212121,
    "SMATA": 2.8688524590163933,
    "GVL": 2.994406054623239,
    "NRIC": 3.91304347826087,
    "NTC": 4.074952026188059,
    "SMFDB": 9.998113563478588
}