Updated at 12/04/2022, 11:23:00
Hostname: fv-az225-582IP Address: 10.1.0.111
BUY WATCH (Low price below lower band):{
    "CLBSL": -4.330708661417323,
    "PSF": -3.200000000000003,
    "LEMF": -2.34806629834254,
    "SBCF": -2.2535211267605657,
    "MMF1": -1.4245014245014322,
    "EBL": -0.8639308855291578,
    "SRBL": -0.20855057351406528,
    "NICGF": 0.1132502831257054,
    "LBL": 0.5524861878453011,
    "PBD88": 1.4642342774844028,
    "RMF1": 1.4965986394557746,
    "GIBF1": 1.686121919584953,
    "GIMES1": 1.796407185628747,
    "JSLBB": 1.8808777429467085
}

SELL WATCH (high price above upper band):{
    "API": -2.013422818791946,
    "NICSF": -2.0000000000000018,
    "CMF2": -1.9093078758949895,
    "KKHC": -1.5463917525773196,
    "GIMES1": -1.1614401858304257,
    "BHDC": -0.56657223796034,
    "BPCL": -0.5436520626798813,
    "NICA": -0.4149377593360996,
    "NTC": -0.4140091753384856,
    "KRBL": 0.0,
    "SINDU": 0.0,
    "SKBBL": 0.0,
    "NMB": 0.15467904098993707,
    "HDHPC": 0.2627430373095113,
    "SGHC": 0.3405221339386974,
    "GBBD85": 0.4040651401983537,
    "NIL": 0.4166666666666667,
    "SFCL": 0.7543103448275944,
    "NICL": 0.832562442183169,
    "CHDC": 1.3364664414745224,
    "DDBL": 1.4423076923076923,
    "SANIMA": 1.486988847583643,
    "STC": 1.4997321906802357,
    "KDBY": 1.6250000000000098,
    "NABIL": 1.639344262295082,
    "CIT": 1.8421052631578945,
    "CLBSL": 1.8610421836228286,
    "GLH": 1.9066147859922091,
    "ALICL": 2.099236641221374,
    "SHL": 2.2580645161290347,
    "NLIC": 2.4232633279483036,
    "NYADI": 2.430555555555556,
    "CHCL": 2.537810817739035,
    "RSDC": 2.7522935779816518,
    "RHPL": 2.8947368421052606,
    "RFPL": 2.895419187554014,
    "SSHL": 2.956705385427663,
    "NESDO": 2.9863013698630136,
    "UIC": 3.342696629213477,
    "RMF1": 3.5230352303523005,
    "NLG": 4.042553191489362,
    "LICN": 4.097222222222222,
    "FMDBL": 5.179856115107913,
    "RMDC": 5.408388520971302,
    "OHL": 5.918367346938775,
    "BHL": 7.768924302788845
}