Updated at 08/28/2022, 11:27:55
Hostname: fv-az259-240IP Address: 10.1.0.6
BUY WATCH (Low price below lower band):{
    "MMF1": -0.6666666666666643,
    "NIBLPF": -0.46136101499424365,
    "NBF3": -0.37926675094817003,
    "NICSF": 0.0,
    "WNLB": 0.0,
    "CBLD88": 0.17211703958691912,
    "PSF": 0.4993757802746571,
    "NCCB": 1.2183235867446396,
    "SMFDB": 1.2850467289719625,
    "RBCLPO": 1.3095768374164811,
    "SLBSL": 1.3781223083548697,
    "GILB": 1.4128240956373268,
    "GBBL": 1.5167095115681175,
    "SMATA": 1.566265060240964,
    "MEN": 1.5795868772782502,
    "MLBSL": 1.71606864274571,
    "SEF": 1.7605633802816945,
    "KDBY": 1.768867924528306,
    "SFMF": 1.7699115044247882,
    "BNT": 1.7895131086142295,
    "EBL": 1.7999999999999998,
    "NICBF": 1.8181818181818137,
    "SBI": 1.861797350519151,
    "KMCDB": 1.9047619047619049,
    "SIGS2": 1.9093078758949895,
    "SLCF": 1.9181585677749406,
    "SHINE": 1.9230769230769231,
    "SWMF": 1.935483870967742,
    "MLBS": 1.9607843137254939,
    "SHL": 1.9783325482807428,
    "SADBL": 1.9911504424778619,
    "SBCF": 2.0000000000000018,
    "SWBBL": 2.123388155354799,
    "HPPL": 2.1460423634336645,
    "UIC": 2.236842105263158,
    "NIBSF2": 2.3047375160051184,
    "OHL": 2.409381663113009,
    "MLBL": 2.4675324675324677,
    "PPCL": 2.481617647058813,
    "GVL": 2.5400331308669215,
    "NHPC": 2.5493421052631535,
    "ALICL": 2.5510204081632653,
    "KPCL": 2.5647668393782324,
    "CLBSL": 2.6674233825198637,
    "IGI": 2.7027027027027026,
    "SSHL": 2.727272727272727,
    "NRIC": 2.801120448179272,
    "JSLBB": 2.857142857142857,
    "GMFIL": 2.8735632183908044,
    "GLH": 2.8813559322033897,
    "FMDBL": 2.933257758254222,
    "RLFL": 2.941176470588235,
    "ILBS": 2.948979591836732,
    "SHPC": 2.9631940112289454,
    "TPC": 2.968036529680365,
    "SIFC": 2.9982363315696614,
    "BNHC": 3.0436917034855124,
    "BHL": 3.125,
    "MSLB": 3.225806451612903,
    "SJCL": 3.225806451612903,
    "LEMF": 3.233532934131732,
    "UPPER": 3.260869565217391,
    "CHDC": 3.3636614281775543,
    "LUK": 3.365384615384629,
    "RMF1": 3.3792240300375522,
    "NICLBSL": 3.415783274440518,
    "ICFC": 3.592814371257485,
    "UPCL": 3.6065573770491848,
    "SHEL": 3.6363636363636362,
    "CHL": 3.6585365853658534,
    "NICL": 3.6752136752136724,
    "GHL": 3.7209302325581395,
    "NLG": 3.7324087293493804,
    "PICL": 3.7390612569610235,
    "SAHAS": 3.8834951456310676,
    "NHDL": 3.9008008266597836,
    "RHPL": 3.9600000000000026,
    "SPDL": 4.092471102780388,
    "KEF": 4.132231404958694,
    "PMHPL": 4.184641932700611,
    "DORDI": 4.320987654320987,
    "MHNL": 4.524403277520481,
    "BHDC": 4.565701559020044,
    "GRDBL": 4.580152671755725,
    "SAPDBL": 4.583333333333333,
    "SLBBL": 4.6173175583708534,
    "GUFL": 4.621309370988435,
    "NABBC": 4.646017699115045,
    "NFS": 4.689655172413801,
    "UNHPL": 4.739336492890995,
    "USLB": 4.941416199694346,
    "GFCL": 5.567167015010442,
    "TRH": 5.6716417910447765,
    "BARUN": 5.824175824175816,
    "HURJA": 5.839999999999998,
    "KKHC": 5.844155844155842,
    "RFPL": 5.892857142857142,
    "NYADI": 6.0606060606060606,
    "LEC": 8.428246013667422,
    "RADHI": 47.33944954128441
}

SELL WATCH (high price above upper band):{
    "RURU": -6.464985006173925,
    "SFMF": -4.979253112033207,
    "GVL": -2.8691760989734085,
    "ADBL": -1.9607843137254901,
    "RBCL": -1.3820404194735747,
    "NESDO": -0.029498525073746312,
    "GIMES1": 3.205791106515
}