Updated at 12/15/2022, 11:24:24
Hostname: fv-az221-460IP Address: 10.1.0.132
BUY WATCH (Low price below lower band):{
    "SBCF": -5.034013605442179,
    "HIDCLP": -2.0986358866736623,
    "ILBS": -1.2822020938713066,
    "HURJA": -1.0204081632653061,
    "CHL": -0.9950248756218906,
    "MMFDB": -0.9356725146198831,
    "HIDCL": -0.7975460122699457,
    "EDBL": -0.637583892617442,
    "OHL": -0.628930817610063,
    "USLB": -0.5793742757821553,
    "CZBIL": -0.4514672686230313,
    "SANIMA": -0.45045045045045046,
    "SBI": -0.4014598540146069,
    "RMF1": -0.4000000000000033,
    "NIBLPF": -0.37406483790525114,
    "GMFIL": -0.3289473684210526,
    "PCBL": -0.27027027027026773,
    "IGI": -0.028161081385515596,
    "BARUN": 0.0,
    "BOKL": 0.0,
    "NIBPO": 0.0,
    "AVYAN": 0.08658008658008987,
    "NIBSF2": 0.1434720229555206,
    "SBL": 0.3236245954692557,
    "NIFRA": 0.326797385620912,
    "CFCL": 0.33333333333333337,
    "SRBL": 0.3825136612021796,
    "HHL": 0.42633822832780943,
    "NIB": 0.4608294930875576,
    "MBL": 0.47596382674916704,
    "BPCL": 0.49668874172185434,
    "NRN": 0.5025125628140703,
    "UHEWA": 0.527549824150062,
    "GLBSL": 0.535178175172957,
    "LBL": 0.6784968684759828,
    "NADEP": 0.749512816669165,
    "SABSL": 0.7856341189674524,
    "CIT": 0.8130081300813009,
    "HBL": 0.8419083255378823,
    "MPFL": 0.8783783783783861,
    "CGH": 0.9045226130653266,
    "GUFL": 0.9727626459143969,
    "KEF": 1.0075566750629732,
    "CMF2": 1.020408163265307,
    "GBBL": 1.0526315789473684,
    "MEGA": 1.0869565217391277,
    "GBIME": 1.2048192771084338,
    "NBF3": 1.2552301255230107,
    "DORDI": 1.3157894736842104,
    "MEN": 1.578354002254798,
    "LBBL": 1.5923566878980893,
    "BFC": 1.6339869281045754,
    "MMF1": 1.6853932584269677,
    "NICGF": 1.7777777777777795,
    "NFS": 1.7999999999999998,
    "JBBL": 1.8181818181818181,
    "SEF": 1.913265306122442,
    "AHPC": 1.992481203007523,
    "HPPL": 2.064409578860446,
    "NMBMF": 2.6153846153846154,
    "LLBS": 2.773359840954272,
    "JSLBB": 2.788819875776403,
    "SIFC": 3.390957446808507,
    "LEC": 3.9341262580054868,
    "RADHI": 4.259259259259254,
    "NICBF": 4.467353951890041,
    "SHIVM": 4.972375690607735,
    "PMHPL": 6.21052631578948
}

SELL WATCH (high price above upper band):{
    "NABBC": -8.010335917312661,
    "SMFDB": -7.01468189233279,
    "KLBSL": -5.9880239520958085,
    "NICA": -5.313807531380756,
    "BHL": -5.0,
    "SLBBL": -3.864168618266979,
    "SMB": -3.6116138169800998,
    "KMCDB": -2.7442371020856204,
    "GVL": -2.2756410256410327,
    "GIMES1": -2.2248243559718914,
    "SJCL": -2.0408163265306123,
    "UPPER": -1.6804614998745897,
    "FMDBL": -0.854341736694681,
    "MMF1": -0.8219178082191728,
    "PBD88": -0.7046458855846145,
    "SHL": -0.5400540054005349,
    "RHPL": -0.46874999999999556,
    "NTC": 0.10940919037199125,
    "NICSF": 0.2522068095838646,
    "JSLBB": 0.9146341463414633,
    "RMF1": 1.3020833333333404,
    "HIDCLP": 1.738241308793459,
    "SBCF": 1.9815059445178265,
    "ADLB": 1.984536082474224,
    "MEN": 5.569105691056913,
    "RURU": 9.677852348993293,
    "CYCL": 9.999195559488392
}