Updated at 12/02/2022, 11:21:50
Hostname: fv-az215-718IP Address: 10.1.0.200
BUY WATCH (Low price below lower band):{
    "CLBSL": -5.103448275862069,
    "LBL": 0.0,
    "SRBL": 0.15616866215511865,
    "MMF1": 0.4255319148936206,
    "NLICL": 0.5734625271900291,
    "EBL": 0.7715387912558985,
    "NCCB": 0.9782608695652235,
    "NICSF": 1.5345268542199502,
    "PSF": 1.5748031496063006,
    "LEMF": 1.630434782608697,
    "NICGF": 1.8888888888888882,
    "SBCF": 3.4013605442176873
}

SELL WATCH (high price above upper band):{
    "WNLB": -5.150259067357518,
    "RMF1": -4.155844155844159,
    "KDBY": -3.8461538461538494,
    "GLH": -2.6515151515151514,
    "NICSF": -1.5990159901599112,
    "SINDU": -1.444043321299639,
    "FMDBL": -1.278409090909091,
    "CMF2": -1.1792452830188638,
    "KKHC": -1.0204081632653061,
    "KRBL": -0.3703703703703704,
    "BNT": -0.29895366218236175,
    "NBL": 0.0,
    "NICBF": 0.0,
    "NTC": 0.4157303370786568,
    "NMBHF1": 0.43478260869566226,
    "BBC": 0.547112462006079,
    "GIMES1": 0.5841121495326977,
    "BHDC": 0.7132667617689016,
    "BPCL": 0.8709677419354802,
    "JBLB": 1.1042097998619738,
    "RSDC": 1.1131725417439702,
    "SKBBL": 1.2444444444444445,
    "NMB": 1.451549627304832,
    "UNHPL": 1.4742014742014742,
    "SRD80": 1.5544041450777202,
    "NICL": 1.74117647058823,
    "CHDC": 1.7787742899850487,
    "NESDO": 2.2408963585434174,
    "DDBL": 2.4630541871921183,
    "API": 2.7586206896551726,
    "SFCL": 3.1111111111111027,
    "NICA": 3.4334763948497855,
    "NABIL": 3.5653650254668934,
    "CLBSL": 3.865979381443299,
    "ALICL": 4.195665142175387,
    "HDHPC": 4.3883708173340645,
    "LICN": 4.57516339869281,
    "SGHC": 7.965686274509803
}