Updated at 12/06/2022, 11:24:34
Hostname: fv-az619-347IP Address: 10.1.0.65
BUY WATCH (Low price below lower band):{
    "GIBF1": -2.0833333333333326,
    "CMF1": -1.9047619047619126,
    "MMF1": -1.7045454545454561,
    "SEF": -1.647655259822559,
    "NICGF": -1.1111111111111072,
    "PBD88": -0.730816077953715,
    "GIMES1": -0.48367593712213935,
    "AIL": -0.17241379310344548,
    "BBC": 0.0031249023467988207,
    "SRBL": 0.05227391531626907,
    "SHIVM": 0.1724137931034483,
    "HBL": 0.3125,
    "CZBIL": 0.49423393739703775,
    "LBL": 0.5047955577990914,
    "PCBL": 0.8873114463176575,
    "NIFRA": 0.9620523784072598,
    "PRVU": 1.0832102412604572,
    "HURJA": 1.4705882352941175,
    "SAHAS": 1.5436241610738204,
    "KDBY": 1.6311166875784175,
    "SANIMA": 1.658374792703151,
    "JSLBB": 1.7721518987341773,
    "LBBL": 1.9452887537993853,
    "RMF1": 2.000000000000005,
    "NRN": 2.056807051909887,
    "HPPL": 2.088353413654614,
    "UMRH": 2.7943635060902765,
    "NMB50": 3.740374037403739,
    "BARUN": 4.671115347950434,
    "LLBS": 5.118483412322275
}

SELL WATCH (high price above upper band):{
    "GLH": -10.256410256410255,
    "NMB": -5.7034220532319395,
    "UIC": -4.371584699453552,
    "SFCL": -4.343065693430648,
    "LICN": -3.6562234286088096,
    "BHDC": -3.6312849162011176,
    "BHL": -3.498654363706275,
    "HDHPC": -3.406067056945186,
    "OHL": -2.941176470588235,
    "SSHL": -2.4324324324324325,
    "ALICL": -2.376128200405227,
    "NICSF": -2.363184079601984,
    "STC": -2.342721768886549,
    "RMF1": -2.051282051282053,
    "CHDC": -2.032460886094455,
    "NIL": -2.027027027027027,
    "ICFCD83": -1.9999999999999913,
    "NYADI": -1.9607843137254901,
    "GVL": -1.9478375701551593,
    "CLBSL": -1.71990171990172,
    "SANIMA": -1.6260162601626018,
    "NICL": -1.5945330296127564,
    "SHL": -1.5744489428699955,
    "FMDBL": -1.5256588072122053,
    "NESDO": -1.2775842044134729,
    "PSF": -1.2499999999999956,
    "SGHC": -1.2010848508330192,
    "NLIC": -1.1023622047244095,
    "CHCL": -1.0126582278481013,
    "NICA": -0.9831460674157303,
    "NLG": -0.6339468302658533,
    "GIBF1": -0.5847953216374352,
    "RSDC": -0.5065123010130165,
    "BPCL": -0.3194888178913738,
    "CIT": -0.3102378490175801,
    "DDBL": 0.09765625,
    "MMF1": 0.13422818791946023,
    "RFPL": 0.41017227235438886,
    "RHPL": 0.5244755244755195,
    "NABIL": 0.6256983240223489,
    "GIMES1": 0.8313539192399084,
    "SKBBL": 2.2927689594356258,
    "KDBY": 2.7160493827160574,
    "NMBHF1": 3.0655391120507307,
    "RMDC": 3.684210526315789,
    "SMB": 3.991666666666674
}