Updated at 10/18/2022, 11:34:41
Hostname: fv-az292-796IP Address: 10.1.0.192
BUY WATCH (Low price below lower band):{
    "SHEL": -5.190476190476193,
    "HEIP": -1.4799154334038054,
    "RMF1": -1.0989010989010999,
    "HPPL": -0.9950248756218947,
    "NIBSF2": -0.7204610951008619,
    "RURU": -0.5283317923656056,
    "NICBF": -0.3937007874015664,
    "NLG": 0.18099547511312475,
    "BOKD86": 0.2243632044344787,
    "UHEWA": 0.8288082309231145,
    "SBCF": 1.3908205841446526,
    "BNHC": 1.9274376417233592,
    "MMF1": 1.9283746556473784,
    "WNLB": 1.9473081328751431,
    "GBILD86/87": 1.9735099337748314,
    "LEC": 4.478301015697133
}

SELL WATCH (high price above upper band):{
    "CZBIL": -4.430064708810356,
    "CMF1": -2.5157232704402537,
    "SEF": -1.8691588785046744,
    "EBL": 0.9803921568627451,
    "CMF2": 1.5325670498084305,
    "SRBL": 1.8289668808699893,
    "SCB": 1.9813519813519813,
    "LBL": 2.8205128205128207
}