Updated at 11/01/2022, 11:30:04
Hostname: fv-az421-522IP Address: 10.1.1.90
BUY WATCH (Low price below lower band):{
    "BNHC": -5.5045871559633035,
    "SLBSL": -5.244010647737348,
    "AKJCL": -3.7267080745341614,
    "JFL": -2.941176470588235,
    "UNHPL": -2.872531418312395,
    "PFL": -2.655440414507768,
    "MPFL": -2.650117410265004,
    "JOSHI": -2.380952380952381,
    "NLG": -2.0454545454545454,
    "MKJC": -2.0256410256410198,
    "USHEC": -1.8668831168831144,
    "LEC": -1.8518518518518576,
    "RURU": -1.7543859649122868,
    "SLCF": -1.7069701280227612,
    "HIDCL": -1.6896120150187661,
    "KMCDB": -1.6511288329776532,
    "MMFDB": -1.5425590944401262,
    "GLH": -1.36986301369863,
    "UMRH": -1.0,
    "RHPL": -0.9259259259259258,
    "MSLB": -0.7759750075582028,
    "BFC": -0.6711409395973155,
    "DHPL": -0.6246096189881325,
    "UMHL": -0.4324843825084122,
    "NHPC": -0.3823047515019209,
    "HPPL": -0.37174721189591076,
    "GVL": -0.36088054853843377,
    "MKLB": -0.2509410288582183,
    "DORDI": 0.52933392148213,
    "MLBS": 0.7936507936507936,
    "SIFC": 0.8207934336525231,
    "UHEWA": 0.8682634730538855,
    "BHL": 0.8795074758135444,
    "SHEL": 1.3242009132420118,
    "SSHL": 2.000000000000007,
    "MMF1": 2.203856749311297,
    "NICGF": 14.545454545454541,
    "NICBF": 16.285998013902685
}

SELL WATCH (high price above upper band):{
    "CMF1": -3.4792368125701514,
    "SCB": -0.6777284412245799,
    "MLBBL": -0.17316017316017315,
    "KEF": 0.12269938650306486,
    "MEN": 0.12853470437017994,
    "LLBS": 0.276706355861159,
    "ADBL": 0.6191950464396285,
    "SANIMA": 0.7326007326007326,
    "PSF": 1.158301158301168,
    "LBL": 1.4423076923076923,
    "BBC": 1.4970059880239521,
    "RHPL": 1.7937219730941705,
    "MLBSL": 1.8391852865177056,
    "EBL": 1.8518518518518516,
    "NBL": 2.0260492040521068,
    "SHPC": 2.0408163265306123,
    "ACLBSL": 2.083333333333333,
    "SHL": 2.1479713603818613,
    "RSDC": 2.162698412698408,
    "SBI": 2.413793103448276,
    "SJCL": 2.432432432432435,
    "FMDBL": 2.4477224833846694,
    "SICL": 2.5,
    "CGH": 2.5075834175935245,
    "NABIL": 2.5152625152625183,
    "IGI": 2.5770308123249266,
    "FOWAD": 2.6036866359447073,
    "CHCL": 2.8586695164306675,
    "SLBBL": 2.9055690072639226,
    "HBL": 2.999091184489542,
    "SRBL": 3.0,
    "STC": 3.059490084985836,
    "NLICL": 3.102189781021898,
    "MNBBL": 3.117505995203837,
    "BPCL": 3.3003300330033,
    "NMB": 3.348491112029762,
    "SABSL": 3.5000000000000004,
    "NIL": 3.6504911303327927,
    "SHINE": 3.7810945273631766,
    "NLG": 3.955555555555558,
    "NLBBL": 4.05727923627685,
    "NICLBSL": 4.138888888888882,
    "MBL": 4.247787610619466,
    "RBCLPO": 4.2536061724253535,
    "HIDCLP": 4.263959390862947,
    "SADBL": 4.378283712784588,
    "ULBSL": 4.395271294331616,
    "NTC": 4.447115384615385,
    "PRVU": 4.477611940298504,
    "SINDU": 4.694656488549623,
    "PICL": 4.719424460431648,
    "KLBSL": 4.957678355501813,
    "PCBL": 5.087719298245612,
    "GUFL": 5.1080550098231825,
    "JBBL": 5.128205128205128,
    "SBL": 5.292207792207796,
    "CFCL": 5.466237942122187,
    "NLIC": 5.583756345177665,
    "NICA": 5.72289156626506,
    "CORBL": 5.943651099961396,
    "SFCL": 6.0728744939271255,
    "MFIL": 6.1946902654867255,
    "TRH": 7.20693779904307,
    "NFS": 7.271996785857772,
    "NRIC": 7.6949152542372845,
    "HURJA": 7.766990291262135,
    "HEI": 7.823414361553508,
    "SHIVM": 7.858243451463791,
    "PROFL": 8.641509433962256
}