Updated at 11/23/2022, 11:25:35
Hostname: fv-az249-500IP Address: 10.1.0.88
BUY WATCH (Low price below lower band):{
    "CBL": -8.221225710014949,
    "MEGA": -1.2552301255230205,
    "LLBS": 0.3644859813084197,
    "NICSF": 0.781249999999995,
    "SRBL": 1.0198878123406425,
    "RMF1": 1.0884353741496609,
    "MEN": 1.2328767123287672,
    "SAEF": 1.3415892672858516,
    "PSF": 1.5564202334630364,
    "SBCF": 1.6736401673640184,
    "HPPL": 2.307692307692308,
    "ILBS": 2.8089887640449436,
    "SABSL": 3.0504833512352283
}

SELL WATCH (high price above upper band):{
    "BHL": -5.769230769230769,
    "KKHC": -5.3708439897698215,
    "BHDC": -5.142857142857142,
    "AHPC": -5.051903114186859,
    "HIDCL": -4.892798240791647,
    "UNHPL": -4.808635917566247,
    "NHPC": -4.67544257830232,
    "JBBL": -4.333333333333334,
    "SINDU": -4.189435336976321,
    "GFCL": -4.107589658048383,
    "ICFC": -4.081196581196586,
    "HHL": -4.062229904926537,
    "BARUN": -4.008908685968819,
    "PFL": -3.8300251607492277,
    "SPC": -3.7209302325581395,
    "SPDL": -3.654485049833879,
    "API": -3.5682819383259887,
    "PROFL": -3.5593220338983054,
    "HDHPC": -3.1387665198237826,
    "BNT": -3.108527131782946,
    "SHEL": -2.4896265560165975,
    "MHNL": -2.1582733812949813,
    "RHPL": -2.09491235570757,
    "GBBL": -2.0546229015284503,
    "PSF": -1.783439490445856,
    "SCB": -1.5909090909090908,
    "NBL": -1.3793103448275863,
    "HIDCLP": -1.0101010101010102,
    "MBJC": -1.0082493125572818,
    "RSDC": -0.8960573476702508,
    "UPPER": -0.7594936708860759,
    "NHDL": -0.5376344086021538,
    "HDL": -0.2586361424803439,
    "EBL": -0.16219138583528156,
    "RADHI": -0.04280821917807976,
    "KEF": 0.0,
    "NICSF": 0.0,
    "GHL": 0.49019607843137253,
    "CHCL": 0.5331302361005389,
    "GIMES1": 0.9422850412249714,
    "WNLB": 3.9033653338959806,
    "JFL": 5.6000000000000005,
    "CBL": 8.472222222222227
}