Updated at 10/13/2022, 11:33:51
Hostname: fv-az196-405IP Address: 10.1.0.180
BUY WATCH (Low price below lower band):{
    "NHPC": -8.276643990929703,
    "SEF": -7.554417413572353,
    "LEMF": -1.265822784810122,
    "BNHC": -0.4769921436588231,
    "MLBS": 0.0966183574879227,
    "NICBF": 0.8955223880597,
    "UHEWA": 1.6304347826086956,
    "NIBSF2": 1.6806722689075646,
    "HEIP": 3.2520325203252036,
    "NIBD84": 3.467843631778058,
    "RURU": 10.137957220604989
}

SELL WATCH (high price above upper band):{
    "SEF": 2.1844660194174725,
    "CZBIL": 2.436598707110893,
    "CMF2": 3.8461538461538494,
    "CMF1": 6.17283950617284
}