Updated at 10/12/2022, 11:35:10
Hostname: fv-az397-481IP Address: 10.1.1.92
BUY WATCH (Low price below lower band):{
    "HPPL": -4.1739740441950115,
    "LEMF": -3.947368421052641,
    "BNHC": -2.649769585253453,
    "MLBS": -1.341427592284348,
    "GBILD86/87": 0.0,
    "HEIP": 0.4048582995951417,
    "TPC": 0.4524886877828055,
    "KDBY": 1.2135922330097044,
    "SEF": 3.5802469135802477,
    "SBCF": 3.6935704514363827,
    "NHPC": 6.1702127659574435
}

SELL WATCH (high price above upper band):{
    "NABIL": -0.375,
    "MLBSL": -0.07926023778071334,
    "HDL": 0.43923865300146414,
    "NBL": 0.5090909090909008,
    "LBL": 0.5102040816326531,
    "SBL": 0.6535947712418301,
    "GBBL": 0.7792207792207793,
    "MMF1": 1.3333333333333286,
    "SMFDB": 3.700914470145237,
    "MSLB": 5.213270142180095
}