Updated at 11/27/2022, 11:25:00
Hostname: fv-az504-343IP Address: 10.1.1.136
BUY WATCH (Low price below lower band):{
    "KBL": -5.388888888888883,
    "ILBS": -2.771362586605081,
    "NICSF": -2.096985583224117,
    "RMDC": -1.9633200094051177,
    "SKBBL": -1.935856688818274,
    "KDBY": -1.9230769230769278,
    "PSF": -1.5686274509803817,
    "CLBSL": -1.36986301369863,
    "JSLBB": -1.2658227848101267,
    "MEN": -1.0734699567823847,
    "SBCF": -0.9749303621169957,
    "HBL": -0.9345794392523363,
    "MMF1": -0.5657708628005662,
    "NLICL": 0.5870841487279843,
    "GIMES1": 1.0856453558504207,
    "RMF1": 1.4824797843665811
}

SELL WATCH (high price above upper band):{
    "CBL": -3.725408120552535,
    "SCB": -1.8867924528301887,
    "RMDC": -1.7876607804665334,
    "GIMES1": -1.1834319526627177,
    "GHL": -1.1529933481152967,
    "UPPER": -1.1180124223602486,
    "BPCL": -1.0814249363867612,
    "MDB": -0.2262443438914113,
    "NBL": 0.0,
    "RSDC": 0.1838235294117647,
    "CHCL": 1.2987012987012987,
    "SHINE": 1.3298641225787866,
    "PFL": 1.629384148025401,
    "ADBL": 1.6880275085964471,
    "SADBL": 1.8910256410256336,
    "NICSF": 1.9280205655526923,
    "UNHPL": 1.9704433497536946,
    "NHDL": 2.198455139631603,
    "RADHI": 2.287725472943242,
    "KKHC": 2.4416135881104006,
    "BNT": 2.7906976744186047,
    "FMDBL": 2.844311377245509,
    "SHEL": 2.904564315352697,
    "SPC": 3.631961259079903,
    "HEIP": 4.012713547874463,
    "HHL": 4.318181818181818,
    "NABIL": 5.288461538461538,
    "SPDL": 5.3525286083425625,
    "CHDC": 5.78125,
    "KRBL": 5.826836274107505,
    "PROFL": 5.88235294117647,
    "MHNL": 5.9230769230769145,
    "PMHPL": 5.966469428007887,
    "JFL": 6.785624528776074,
    "JBLB": 7.278241091736164,
    "GLH": 8.403361344537815,
    "HDL": 8.89168765743073,
    "KMCDB": 8.928571428571429,
    "KBL": 9.999999999999996
}