Updated at 12/14/2022, 11:24:46
Hostname: fv-az454-7IP Address: 10.1.0.48
BUY WATCH (Low price below lower band):{
    "SBCF": -4.551920341394017,
    "RMF1": -2.599179206566353,
    "NIBLPF": -2.1656050955414003,
    "UPPER": -2.003162888771751,
    "SLI": -1.8575851393188854,
    "LBL": -1.8065887353878884,
    "PIC": -1.7647058823529411,
    "KMCDB": -1.6147635524798154,
    "SAHAS": -1.383219954648531,
    "GBBL": -1.3333333333333335,
    "LEC": -1.203703703703701,
    "AVYAN": -1.167883211678832,
    "USLB": -1.1604735669909714,
    "OHL": -1.059322033898305,
    "CFCL": -1.0101010101010102,
    "DORDI": -0.8403361344537841,
    "RBCL": -0.8064516129032258,
    "NRN": -0.7594936708860759,
    "NIBSF2": -0.7225433526011535,
    "SLCF": -0.713266761768899,
    "NCCB": -0.6666666666666604,
    "JALPA": -0.6660611565243718,
    "NIFRA": -0.6027397260273941,
    "SIFC": -0.6020066889632145,
    "BFC": -0.32786885245901637,
    "ADBL": -0.3225806451612903,
    "MMF1": -0.28169014084507693,
    "MLBL": -0.2661934338952905,
    "KEF": -0.25252525252525837,
    "SSHL": -0.2372479240806677,
    "NRIC": -0.18895348837208642,
    "SHIVM": -0.18450184501845018,
    "PRVU": -0.15151515151515726,
    "PSF": -0.13140604467805236,
    "MEGA": -0.10362694300517547,
    "GUFL": -0.07788161993769027,
    "PICL": -0.05882352941176136,
    "UHEWA": -0.05865102639295855,
    "API": 0.0,
    "MBL": 0.0,
    "PPCL": 0.0,
    "SBL": 0.0,
    "SEF": 0.0,
    "SRBL": 0.0,
    "BPCL": 0.03310162197948452,
    "HBL": 0.09345794392523718,
    "MMFDB": 0.12848966242261683,
    "PCBL": 0.22471910112359553,
    "AKPL": 0.26239067055392923,
    "RLFL": 0.3424657534246575,
    "EDBL": 0.3677699765964636,
    "BNHC": 0.3701418877236239,
    "MPFL": 0.40376850605652376,
    "SANIMA": 0.4484304932735426,
    "NMB": 0.479511769834348,
    "ENL": 0.48334196443983335,
    "NIB": 0.5043558000916984,
    "LLBS": 0.6027072423673573,
    "LBBL": 0.6329113924050633,
    "CZBIL": 0.6726457399103235,
    "GBIME": 0.7177033492822966,
    "HIDCLP": 0.7291666666666696,
    "HPPL": 0.7377049180327915,
    "GMFIL": 0.9126466753585435,
    "UPCL": 1.072761194029856,
    "SBI": 1.083032490974729,
    "NICGF": 1.098901098901095,
    "NBF3": 1.1034482758620698,
    "BBC": 1.2003693444136658,
    "ILBS": 1.2085996513654824,
    "HIDCL": 1.2121212121212122,
    "HHL": 1.3551401869158906,
    "BARUN": 1.5,
    "HURJA": 1.507537688442211,
    "BOKL": 1.5114578254509967,
    "NFS": 1.574803149606299,
    "NADEP": 1.6801768607221779,
    "MEN": 1.8940965021429466,
    "CHL": 1.9033674963396807,
    "NIBPO": 2.266288951841365,
    "AIL": 3.9473684210526314
}

SELL WATCH (high price above upper band):{
    "SMFDB": -4.427814156532581,
    "MMF1": -2.1447721179624684,
    "GIBF1": -1.960784313725492,
    "GVL": -1.8867924528301887,
    "NICSF": -1.490683229813677,
    "KMCDB": -1.406926406926407,
    "FMDBL": -1.2448132780082988,
    "FOWAD": -0.9094353921940129,
    "GIMES1": -0.46620046620047695,
    "SMATA": -0.13351134846461948,
    "KDBY": 0.12269938650306486,
    "NTC": 0.21929824561403508,
    "NABBC": 0.4933783432874519,
    "SRD80": 1.0204081632653061,
    "UPPER": 1.1928934010152257,
    "KLBSL": 1.705237515225335,
    "SBCF": 1.7473118279569877,
    "SLBBL": 1.9093078758949882,
    "SHL": 1.9266055045871509,
    "MKJC": 1.986434108527129,
    "SJCL": 3.375527426160337,
    "NICA": 4.215116279069767,
    "BHL": 5.3484602917341935,
    "SMB": 5.996663886572151,
    "RHPL": 7.112970711297072,
    "CYCL": 9.999115122555526
}