Updated at 11/30/2022, 11:26:00
Hostname: fv-az456-11IP Address: 10.1.0.88
BUY WATCH (Low price below lower band):{
    "NICSF": -4.127829560585893,
    "NCCB": -1.3774104683195594,
    "NLICL": -1.1399999999999977,
    "PSF": -0.2631578947368482,
    "EBL": -0.23630504833512841,
    "SCB": -0.12330456226880394,
    "MMF1": 0.0,
    "LBL": 0.050200803212848547,
    "CLBSL": 4.1005291005291005
}

SELL WATCH (high price above upper band):{
    "NMBHF1": -8.091908091908097,
    "NICBF": -4.510451045104512,
    "WNLB": -4.227868201667331,
    "DHPL": -1.6129032258064515,
    "UNHPL": -1.5957446808510694,
    "HEIP": -1.574803149606299,
    "PFL": -1.5629284343295828,
    "SBI": -1.3468013468013467,
    "RSDC": -1.3181984621018024,
    "CGH": -1.1764705882352942,
    "SFCL": -1.098901098901099,
    "SHPC": -1.091549295774656,
    "NBL": -1.0416666666666665,
    "JBBL": -1.0204081632653061,
    "BHL": -0.9823182711198428,
    "GHL": -0.9677419354838684,
    "MBJC": -0.9633027522935754,
    "NHPC": -0.9389671361502347,
    "JFL": -0.75,
    "KEF": -0.7272727272727333,
    "SINDU": -0.6456241032998606,
    "BPCL": -0.641025641025641,
    "SADBL": -0.6093649775497223,
    "SHINE": -0.5523255813953423,
    "SSHL": -0.5271481286241434,
    "CHCL": -0.5154639175257731,
    "BNT": -0.47604879500148767,
    "PROFL": -0.32786885245901637,
    "GVL": -0.26845637583892995,
    "MDB": -0.2564102564102564,
    "SHL": -0.23148148148148145,
    "OHL": -0.2028397565922921,
    "JBLB": -0.06896551724137931,
    "GBBD85": -0.03671970624234449,
    "CCBL": 0.0,
    "GFCL": 0.0,
    "KRBL": 0.0,
    "MFIL": 0.0,
    "MHNL": 0.0,
    "NICL": 0.0,
    "RMF1": 0.0,
    "NHDL": 0.029859659599887352,
    "NTC": 0.11248593925759282,
    "HDL": 0.12531328320802004,
    "LICN": 0.21834061135371177,
    "UPPER": 0.2583979328165375,
    "CHDC": 0.29985007496251875,
    "SPDL": 0.35714285714285715,
    "NABIL": 0.3977272727272727,
    "SKBBL": 0.5361930294906166,
    "NESDO": 0.5633802816901409,
    "RMDC": 0.6711409395973155,
    "NICA": 0.7204610951008645,
    "ALICL": 0.7815631262525005,
    "HHL": 0.8928571428571428,
    "ICFC": 0.893440836783618,
    "FMDBL": 1.0043041606886656,
    "KKHC": 1.2919896640826873,
    "JSLBB": 1.3349514563106795,
    "SHEL": 1.416666666666669,
    "GIMES1": 1.4218009478673106,
    "HDHPC": 1.6164994425864023,
    "CMF2": 1.8007202881152504,
    "NICSF": 1.8796992481203052,
    "NMB": 1.9600000000000024,
    "SGHC": 2.000000000000005,
    "DDBL": 2.525252525252525,
    "KDBY": 4.0000000000000036,
    "GLH": 7.755102040816326
}